image_width: 1920
image_height: 1080
camera_name: oak_d_pro
frame_id: camera_link_optical
distortion_model: rational_polynomial
d: [14.69316291809082, -108.31732940673828, -0.0008825647528283298, -0.00020196261175442487, 266.0617980957031, 14.476913452148438, -107.26537322998047, 263.50067138671875]
k: [1547.6387939453125, 0.0, 946.4127197265625, 0.0, 1547.009521484375, 552.0991821289062, 0.0, 0.0, 1.0]
r: [1.0, 0.0, 0.0, 0.0, 1.0, 0.0, 0.0, 0.0, 1.0]
p: [1547.6387939453125, 0.0, 946.4127197265625, 0.0, 0.0, 1547.009521484375, 552.0991821289062, 0.0, 0.0, 0.0, 1.0, 0.0]
binning_x: 0
binning_y: 0
roi:
  x_offset: 0
  y_offset: 0
  height: 0
  width: 0
  do_rectify: false
